Postgres & pgvector
https://www.youtube.com/watch?v=DvURiNIvhxA


Steps to launch Pgvector docker container 

docker pull pgvector/pgvector:pg17

docker volume create pgvector-data

docker volume ls

docker run --name pgvector-container -e POSTGRES_PASSWORD=password -p 5432:5432 -v pgvector-data=/var/lib/postgresql/data -d pgvector/pgvector:pg17

docker pull dpage/pgadmin4

docker run --name pgadmin-container -e PGADMIN_DEFAULT_EMAIL=admin@example.com -e PGADMIN_DEFAULT_PASSWORD=password -p 5050:80  -d dpage/pgadmin4

docker inspect -f '{{range .NetworkSettings.Networks}}{{.IPAddress}}{{end}}' pgvector-container
172.17.0.3

docker inspect -f '{{range .NetworkSettings.Networks}}{{.IPAddress}}{{end}}' pgadmin-container
172.17.0.4


Allow postgres to be access from local machine:
docker exec -it pgvector-container psql -U postgres

psql -h localhost -p 5432 -U postgres -d postgres


PGVector admin UI:
http://localhost:5050/browser/

Sample pgvector cosine query:
SELECT id, assigned_to, summary, embedding, 1 - (embedding <=> '[-0.9545942544937134,-0.7584070563316345,-0.024979526177048683,1.266399621963501,-0.4798155128955841,1.1823891401290894,0.02226404845714569,-0.28517845273017883,1.2934455871582031,-0.9231390953063965,0.9889590740203857,1.8708209991455078,-0.15498273074626923,-0.6842687726020813,-1.2899726629257202,0.8151895403862,2.3941354751586914,3.7981622219085693,1.1416795253753662,-0.4119436740875244,-1.0786362886428833,-1.1813064813613892,1.7986010313034058,2.744143486022949,-0.9368516802787781,-0.67182856798172,0.5053587555885315,0.5172012448310852,-0.15489663183689117,-0.07207703590393066,2.846243143081665,-0.8846988677978516,-0.5230581164360046,0.08367007225751877,1.04500412940979,-1.4140002727508545,-1.7119678258895874,1.9031884670257568,-0.12974290549755096,0.6893072128295898,1.3777865171432495,1.6713005304336548,0.7462530136108398,-1.4275343418121338,-1.4791632890701294,1.4771673679351807,0.3133592903614044,0.6684442162513733,-1.1339765787124634,2.35921049118042,-0.15194132924079895,1.67564058303833,-0.5118066668510437,1.3467199802398682,1.5998493432998657,0.8276483416557312,1.4705488681793213,2.3665783405303955,-0.9345247149467468,-0.27661627531051636,-0.2235938012599945,-0.19917534291744232,1.7125344276428223,-0.006424287799745798,1.7521427869796753,-2.7390336990356445,0.2938176095485687,0.22227565944194794,-0.3390069603919983,-0.8880019783973694,0.9916194677352905,-1.3536043167114258,1.21125066280365,-2.2639009952545166,0.5941441059112549,0.5346962213516235,-1.3766716718673706,-0.20860879123210907,1.8296219110488892,-1.8610138893127441,-1.1668357849121094,-0.034620366990566254,-1.9496153593063354,-0.3724652826786041,1.6162660121917725,0.34932780265808105,2.7086517810821533,3.1173458099365234,1.118777871131897,0.24165219068527222,1.0658725500106812,-1.9686845541000366,-0.9710884094238281,-1.5032281875610352,-0.021579978987574577,0.22413496673107147,-1.4943184852600098,0.14812403917312622,-0.7260414958000183,-2.525801658630371,0.15577274560928345,0.011022009886801243,-0.823993444442749,-0.12142549455165863,-0.5610840916633606,-1.422489047050476,0.13626544177532196,0.3977014720439911,-0.1598370373249054,-0.025341391563415527,1.3913319110870361,1.6137186288833618,2.3172740936279297,-1.9004554748535156,5.180514335632324,-0.9641724824905396,0.8108851909637451,0.8951407074928284,-0.1848352998495102,1.0127754211425781,-0.6731814742088318,-1.611771583557129,-1.9849146604537964,-1.8904268741607666,-0.4989566206932068,-1.9729925394058228,0.8580854535102844,-1.3186149597167969,1.027521014213562,-0.36974480748176575,-2.777050256729126,2.725717782974243,-1.5510807037353516,0.40262335538864136,-0.22879132628440857,-0.36238324642181396,-0.37064436078071594,-0.46410849690437317,-3.229095697402954,0.4839681088924408,1.2470873594284058,2.2876148223876953,-0.6195675730705261,1.829069972038269,-0.7220399975776672,3.5096940994262695,-0.14709076285362244,-2.859398365020752,-0.8686901330947876,-1.3174737691879272,0.7207238674163818,-1.729040265083313,0.5991061925888062,0.010113440454006195,0.4615081250667572,-2.678778886795044,3.508892059326172,0.37822216749191284,-0.77701735496521,-0.010853655636310577,-0.9819067120552063,0.7698650360107422,-0.9121743440628052,-1.977074384689331,1.488725185394287,-0.39623546600341797,-0.5312927961349487,0.1378108710050583,0.4861754775047302,3.2472448348999023,0.6482203602790833,1.3952192068099976,-1.681426763534546,-1.5463793277740479,-1.141432762145996,-1.7527269124984741,0.32835397124290466,-0.2590745985507965,-3.1212782859802246,0.7258101105690002,-1.1701637506484985,0.8797996640205383,-0.745586633682251,-1.0408236980438232,1.4882166385650635,1.3548974990844727,0.24421733617782593,2.604203224182129,1.6989747285842896,0.058901507407426834,0.28639066219329834,-2.4028732776641846,-1.9945862293243408,-2.02201247215271,1.500411868095398,-3.423957109451294,1.6951725482940674,2.3203771114349365,-2.4246816635131836,-1.30054771900177,-2.728477954864502,-0.9093931317329407,-3.0806143283843994,-0.4252999722957611,0.796707272529602,-0.35184502601623535,-1.1408183574676514,0.6291351914405823,-0.6467785239219666,0.9105859398841858,-0.26753291487693787,1.0221998691558838,-0.13463455438613892,0.8792089223861694,-2.6609461307525635,-1.1597141027450562,2.2185158729553223,0.6006372570991516,-1.2844502925872803,-0.47319141030311584,-1.0215104818344116,-1.531524896621704,-0.16353043913841248,1.9698222875595093,1.8420512676239014,-2.5538992881774902,-0.41693076491355896,-1.5216856002807617,-0.8906922340393066,-0.9856863617897034,-1.3551336526870728,0.6332798600196838,-3.504683256149292,-3.0014491081237793,0.04694218933582306,0.9220397472381592,-0.025170262902975082,-1.4290809631347656,-0.3167512118816376,-0.5927961468696594,0.16657502949237823,0.05342225357890129,0.08234435319900513,1.2597662210464478,-1.8636993169784546,1.2069748640060425,1.6318179368972778,-1.7083234786987305,-1.1384313106536865,-2.0065839290618896,1.2249441146850586,-0.2275182157754898,-1.4271498918533325,0.5785468816757202,0.3596634268760681,0.39339715242385864,-1.8814337253570557,2.481663703918457,0.7593825459480286,2.1915059089660645,-0.19589118659496307,-1.9338288307189941,0.7753845453262329,0.7416887879371643,0.506392240524292,-0.561734139919281,1.3897099494934082,-1.5264573097229004,-2.5322670936584473,-0.36194828152656555,-1.3820232152938843,-1.2232537269592285,-1.3487496376037598,1.2549890279769897,0.22146695852279663,-1.288101077079773,0.9497725963592529,-2.011063575744629,-0.23071575164794922,-0.8378896713256836,0.1853495091199875,1.6408581733703613,-1.714674949645996,-4.011549472808838,0.6782639622688293,0.32298314571380615,-1.333378553390503,3.022207260131836,2.260497808456421,-1.236756443977356,0.45106473565101624,0.6729121804237366,-0.07962179183959961,0.26505619287490845,-0.12850525975227356,2.5869059562683105,-0.25279152393341064,0.15007510781288147,0.11001452803611755,1.8514645099639893,0.5993413925170898,-0.018632318824529648,-0.7061931490898132,0.9557380080223083,0.7794915437698364,-1.3567460775375366,-1.5759899616241455,1.3390400409698486,-0.866887629032135,-1.0178576707839966,-1.1660178899765015,-1.121799349784851,3.185779333114624,0.6261929273605347,1.3328055143356323,0.4933527708053589,0.3836185038089752,0.6810282468795776,0.30943092703819275,-1.551051378250122,2.430299997329712,-1.5523796081542969,2.1504852771759033,-1.7248191833496094,-1.0975573062896729,-1.171538233757019,-1.7450239658355713,-0.7253182530403137,1.0918210744857788,-1.7460752725601196,-1.8416194915771484,2.77941632270813,-0.4792957901954651,-0.4000537097454071,-0.7897782325744629,0.9481198787689209,-0.00871223397552967,2.7657742500305176,1.4210803508758545,0.44705677032470703,2.058173179626465,0.29354390501976013,-1.894466757774353,-2.0932023525238037,-1.3206483125686646,-0.0268001239746809,-2.137451171875,1.2625458240509033,-1.0085303783416748,3.173233985900879,1.7371519804000854,-0.4679887294769287,-0.7181249856948853,-0.6056103706359863,-3.5027291774749756,2.5673744678497314,-0.3470909893512726,-0.5380027890205383,0.9924992322921753,0.2779821753501892,-1.080984354019165,1.2237696647644043,0.5909672975540161,-0.5271549224853516,5.542298316955566,-1.3699185848236084,0.25094151496887207,0.5951147079467773,1.3009411096572876,2.971782922744751,1.2727481126785278,-1.9995837211608887,-2.0780794620513916,1.1328437328338623,-4.312047958374023,-1.9737101793289185,-0.6090264320373535,2.1090188026428223,0.5784942507743835,0.43342599272727966,1.5262383222579956,-1.372048258781433,0.23178285360336304,0.5254058241844177,0.7983478903770447,0.41711655259132385,-1.831748604774475,-2.0436394214630127,-4.058523654937744,-1.0697917938232422,1.3595683574676514,1.4701498746871948,0.2990661859512329,0.924089789390564,2.362678050994873,1.4314467906951904,0.39020785689353943,0.5964265465736389,-2.1843550205230713,-1.1647658348083496,-1.9981426000595093,0.18233594298362732,1.8656108379364014,-0.20299513638019562,1.0135977268218994,-0.08130497485399246,1.5611357688903809,-0.9939479827880859,-1.0323002338409424,2.8442697525024414,-0.709423840045929,1.8888444900512695,2.190776824951172,0.7868919968605042,0.49507346749305725,0.11228659003973007,2.4687206745147705,3.015228509902954,-0.10431087017059326,-3.1860203742980957,1.2217018604278564,-0.4689289331436157,-0.38744184374809265,2.260941982269287,-0.5080835223197937,0.4922544062137604,0.21177202463150024,4.798142910003662,1.9607503414154053,2.4394187927246094,0.5759987831115723,-0.9883897304534912,0.735388994216919,-1.1054790019989014,2.0794601440429688,-0.7101843953132629,-0.8796027898788452,-0.13361966609954834,2.5975475311279297,-0.1513303965330124,3.4358737468719482,1.1202609539031982,0.5649660229682922,-1.4795372486114502,-1.7690956592559814,0.8140199780464172,-0.6382171511650085,-4.544861316680908,0.8030850887298584,0.9440978169441223,0.2822680175304413,-1.7801812887191772,1.4521315097808838,-0.24459022283554077,2.4946680068969727,1.151743769645691,0.3151746988296509,0.8123391270637512,0.09657951444387436,-0.13067035377025604,1.3727389574050903,-1.5420078039169312,0.7640711665153503,0.07171931862831116,-1.1101853847503662,-0.01947852410376072,0.40658876299858093,-1.2847155332565308,1.918485164642334,1.9571712017059326,-2.443910598754883,2.1239991188049316,-0.15022051334381104,0.23451930284500122,-0.6719908118247986,-0.6017773747444153,3.233344316482544,0.5667551159858704,2.0561959743499756,-1.20426344871521,4.013826370239258,-1.737513780593872,0.5137858390808105,-1.0874100923538208,0.1856851428747177,-0.06549779325723648,-1.307254672050476,-1.3389525413513184,-0.280563622713089,1.9465829133987427,0.3738480806350708,-0.3662966787815094,0.4841853380203247,2.395388126373291,1.699519395828247,1.770908236503601,-3.1297428607940674,-0.9506206512451172,-2.798369884490967,2.9619600772857666,2.288654327392578,0.44016122817993164,-0.91958087682724,-1.7779139280319214,-0.7130916714668274,-1.4562913179397583,-0.12655256688594818,2.4059836864471436,0.0867636427283287,-1.065754771232605,1.574214220046997,0.6568717360496521,1.377997875213623,-1.5227752923965454,1.0097216367721558,-1.6442134380340576,-0.09510520845651627,-1.4604662656784058,2.5298919677734375,-3.1948578357696533,1.9953116178512573,1.572400689125061,-0.7433305978775024,-1.1268370151519775,0.2891855835914612,-0.9486057758331299,0.9973788857460022,0.6170790791511536,1.4306113719940186,1.0616576671600342,0.6084051132202148,2.3261501789093018,3.7611794471740723,-1.4682668447494507,-0.1881910115480423,2.314636468887329,0.34808847308158875,-1.8149758577346802,-4.922973155975342,0.2556299567222595,3.2290873527526855,0.34006768465042114,1.3323016166687012,-1.5773249864578247,1.4267271757125854,-0.8642027378082275,0.05109911784529686,-0.8078004121780396,0.40720921754837036,0.037062205374240875,-0.7170912623405457,2.2678933143615723,-1.7640970945358276,0.3119793236255646,1.119173526763916,1.8719027042388916,-0.7328607439994812,-1.4422240257263184,1.8751964569091797,-0.18753176927566528,-1.3408583402633667,-0.2956397235393524,0.8523586988449097,-1.5329930782318115,-0.41913819313049316,0.7876030206680298,0.3052121698856354,-0.3573368191719055,0.4464293420314789,-2.0045628547668457,1.7970250844955444,-2.962846040725708,-2.1902332305908203,0.5856252908706665,0.2705298364162445,-1.1921124458312988,1.4129542112350464,1.3942596912384033,0.9934216141700745,-0.5579735040664673,0.759360134601593,-0.5639550685882568,-3.359351873397827,-0.014931113459169865,0.8728503584861755,-0.9526091814041138,-0.49217090010643005,4.966971397399902,1.0507431030273438,0.8042134642601013,-0.903466522693634,0.2411578893661499,0.3308839201927185,1.8396320343017578,0.03938715159893036,-1.2249274253845215,-0.5309858918190002,1.7053226232528687,0.12313874810934067,1.4741698503494263,-0.11005692929029465,-0.13438551127910614,0.3848732113838196,1.047319769859314,-0.3360898792743683,-1.5353503227233887,-0.2595940828323364,-0.48657628893852234,2.519540309906006,-1.3165775537490845,-0.63137286901474,1.1773301362991333,-0.6378333568572998,-2.8556535243988037,-1.1394951343536377,1.6664296388626099,1.056887149810791,-0.001656949520111084,-0.9327080249786377,-0.6394952535629272,-2.300556182861328,0.6730684638023376,0.48253968358039856,-1.1101024150848389,-2.6294596195220947,0.8475155234336853,-2.2073216438293457,-2.8028953075408936,0.37663185596466064,-0.9998407363891602,-5.235861778259277,0.5157821774482727,0.6687601208686829,-1.0274202823638916,-0.9069259762763977,-0.34043270349502563,0.5830141305923462,-0.3541845679283142,0.4629548192024231,2.642874002456665,-1.0214518308639526,-2.003026247024536,0.6697647571563721,-2.0773632526397705,1.5802651643753052,-0.4982418119907379,1.6046934127807617,-0.14634491503238678,1.3171939849853516,-0.1469363123178482,-0.8853940367698669,0.8489365577697754,-0.8445975184440613,-2.22412109375,0.7405137419700623,-1.4231849908828735,0.2797628343105316,-0.12166748940944672,1.2296639680862427,0.1873551309108734,0.7100870609283447,1.5079262256622314,-1.622943639755249,0.2636796236038208,-0.6353192925453186,-0.5103369951248169,1.1189652681350708,0.04426158219575882,-0.4587561786174774,1.2029478549957275,0.009004824794828892,-1.090470790863037,-0.3134080171585083,-1.7206083536148071,1.2801578044891357,-0.0028167571872472763,4.655052661895752,1.873807668685913,-1.4928592443466187,1.0771751403808594,-0.39054685831069946,-0.8320269584655762,-2.528148889541626,-1.5516523122787476,-1.1592861413955688,0.5904730558395386,1.0289652347564697,0.2989273965358734,-2.066909074783325,0.4942469298839569,0.9321545362472534,-1.796728491783142,0.2008582502603531,0.30706852674484253,1.8703556060791016,0.826562225818634,-0.7265804409980774,-1.793677568435669,-3.462898015975952,2.3054819107055664,-0.2093999981880188,-0.7133690714836121,-0.18262606859207153,-1.909163475036621,1.2218387126922607,-3.458646297454834,-1.1342170238494873,-0.6606279611587524,1.5182359218597412,-2.848242998123169,-2.0777792930603027,1.1424189805984497,-0.1789657473564148,0.7010208368301392,-0.4977327287197113,1.0416090488433838,-1.8683425188064575,1.2682753801345825,-1.4542309045791626,-0.381258100271225,-0.0965062752366066,1.28864324092865,1.7537058591842651,-1.2437909841537476,-2.165580987930298,0.6630539298057556,0.5632126331329346,-4.5623626708984375,-1.4750618934631348,-1.3571231365203857,-3.741159439086914,-2.8932507038116455,0.1407284438610077,-0.38730594515800476,-0.21535415947437286,-0.7363235950469971,-1.803586721420288,3.006474018096924,-0.6476098895072937,0.16340510547161102,-0.573235809803009,0.6839786171913147,0.7581128478050232,-2.1705665588378906,1.1282658576965332,0.22805461287498474,0.161359965801239,2.294785499572754,-0.19460952281951904,-0.5142035484313965,0.04391251876950264,-0.09335843473672867,-0.5689495801925659,-0.03717247396707535,-0.8832534551620483,-1.7022452354431152,-0.7870360016822815,-1.7442703247070312,1.7584028244018555,0.12817223370075226,2.492445945739746,0.7574746012687683,1.6256221532821655,1.2057464122772217,-1.0800280570983887,-0.5796648263931274,-0.9535562992095947,0.9027723073959351,-1.4877004623413086,0.8835762143135071,-1.0714846849441528,2.4225876331329346,-0.565319299697876,-3.053755521774292,-0.29126864671707153,1.9593981504440308,2.039950370788574,0.15699197351932526,0.6488810777664185,0.1937745064496994,-0.8617175221443176,2.76015043258667,-0.47357240319252014,0.838169276714325,0.28114157915115356,-3.316357135772705,0.6240388751029968,-1.2255971431732178,0.09519360214471817,0.07419341057538986,0.7877783179283142,-2.3967041969299316,0.6493536829948425,-0.6229998469352722,0.9891369938850403,0.8628138303756714,-1.0631120204925537,-1.2063798904418945,-1.8620026111602783,-1.8780649900436401,-2.262829303741455,-0.8459348678588867,-0.4554198682308197,0.4771696925163269,0.07601721584796906,-0.8057552576065063,0.8034618496894836,-2.019528388977051,1.7438194751739502,-0.047671400010585785,1.8747509717941284,-1.0305862426757812,1.4509886503219604,1.6464771032333374,-0.3379366993904114,0.9305311441421509,-1.489849328994751,0.9028765559196472,0.47062328457832336,1.6276891231536865,1.7279682159423828,1.2632349729537964,-1.359702229499817,-0.6908612251281738,-1.1316274404525757,2.5911705493927,0.343906044960022,-0.3928672671318054,-1.13168466091156,1.292461633682251,-0.6156642436981201,-3.2671759128570557,1.1020556688308716,-0.8693810105323792,-0.8948873281478882,-1.249504804611206,-0.47437161207199097,-0.8362950086593628,-0.6725447773933411,-1.8040653467178345,-3.112222909927368,-0.12600252032279968,-0.864603579044342,0.5771583914756775,-2.2725934982299805,0.31787919998168945,-0.26162204146385193,-0.01811910793185234,-1.4593182802200317,-2.830681562423706,2.9285776615142822,-1.6286852359771729,0.032654669135808945,0.4736306667327881,0.3516600430011749,0.6872828602790833,0.8926637768745422,1.4149072170257568,-0.6775372624397278,-0.4518120288848877,1.4557281732559204,-0.6896228790283203,2.3161799907684326,-1.1040527820587158,-0.8696011900901794,-0.5957641005516052,-0.9425212740898132,-0.1858123242855072,0.869604766368866,2.883236885070801,-2.0453290939331055,-1.059253215789795,0.6545044779777527,-1.1107499599456787,-0.9524152278900146,-0.29661858081817627,-0.20966313779354095,-1.5688773393630981,1.5368671417236328,-0.19061388075351715,0.23260203003883362,1.8065097332000732,-0.20246632397174835,0.5570166110992432,-0.22756363451480865,-4.447098731994629,2.1113805770874023,0.49348247051239014,0.9451113343238831,0.826794445514679,-1.3361438512802124,0.25860196352005005,-1.6286836862564087,1.1711673736572266,-0.512977123260498,1.307157278060913,1.9202661514282227,0.963159441947937,1.8161085844039917,-0.8717691898345947,-0.13662946224212646,0.16735826432704926,1.593625545501709,-0.9044749736785889,3.2938711643218994,0.27966028451919556,1.5864092111587524,1.9911051988601685,2.2904152870178223,-0.2266661673784256,-1.8124089241027832,-0.6938667297363281,1.780115008354187,1.6854264736175537,-2.7011709213256836,0.06282118707895279,0.12510591745376587,0.7698611617088318,-0.3019828200340271,0.30972546339035034,-0.013193660415709019,2.4480624198913574,1.3785579204559326,-0.5828149318695068,-0.35953712463378906,2.692640781402588,-1.7851730585098267,1.241803765296936,0.1526620239019394,0.5094683170318604,-0.9919548630714417,-0.7031397819519043,1.1510274410247803,-0.8624225854873657,0.6887807250022888,0.3804987072944641,0.1465061753988266,-0.38894981145858765,0.5895373821258545,0.6360302567481995,-0.32336923480033875,5.50425386428833,-1.0407114028930664,-0.296073317527771,-0.16064783930778503,1.469321846961975,0.717473566532135,1.8131029605865479,1.0937877893447876,-0.47789108753204346,-0.8535553216934204,-0.36946535110473633,-0.5445761680603027,-2.0135574340820312,1.4544305801391602,-0.9764829874038696,1.4336597919464111,-1.0421963930130005,0.608242928981781,1.1990364789962769,1.6689852476119995,1.34065580368042,2.0784668922424316,-0.1926838606595993,0.07958265393972397,0.9254990816116333,-1.4621614217758179,0.9610816836357117,-1.9196906089782715,0.7599788904190063,-0.682702362537384,0.13689354062080383,2.5342464447021484,-1.2434736490249634,-0.7770130634307861,1.5175293684005737,-0.3075419068336487,-2.057415246963501,0.3415142297744751,1.5846823453903198,0.9535592794418335,-2.3410325050354004,-0.934014618396759,0.41870203614234924,1.4387120008468628,-1.1128356456756592,-2.1681723594665527,-0.29776936769485474,-1.273944616317749,1.0122623443603516,0.6655595898628235,0.9684131741523743,-2.9866909980773926,0.8716138601303101,0.8068353533744812,1.1116046905517578,-2.173694133758545,0.19015060365200043,0.33775976300239563,0.6925885081291199,2.583117961883545,0.3326807916164398,-0.6302387714385986,0.27991825342178345,0.6577526330947876,1.9955031871795654,1.871464490890503,1.2567105293273926,-0.3389798402786255,3.903419256210327,1.193149209022522,-3.282010316848755,-0.11353488266468048,-0.7807908654212952,0.334297239780426,-1.759130835533142,0.8114843964576721,-1.1059763431549072,-1.367368459701538,-1.408097743988037,-2.1917927265167236,-1.1003549098968506,1.542115569114685,-0.40445199608802795,-2.348287582397461,1.7687458992004395,1.034544825553894,0.06824561953544617,0.8616475462913513,-2.3248941898345947,0.6785479187965393,-1.0472184419631958,-1.5182071924209595,1.3081536293029785,0.7752944827079773,0.7396702170372009,-0.29574117064476013,0.7370866537094116,-1.6328452825546265,1.2396601438522339,-1.783669114112854,4.559059143066406,1.9447511434555054,0.07436516135931015,2.0884928703308105,2.262390375137329,1.0643059015274048,-0.6838143467903137,-2.0283923149108887,-1.1913650035858154,0.4809912145137787,0.47926852107048035,-0.6434364318847656,-2.7687273025512695,-0.08218064904212952,2.494799852371216,-0.6432486176490784,0.34389030933380127,-0.357490599155426,2.0825083255767822,0.21994827687740326,-0.08842842280864716,1.1563585996627808,-1.4088557958602905,-2.051414966583252,1.4099173545837402,0.3306363821029663,1.7062413692474365,1.0298902988433838,1.7648981809616089,-0.24831311404705048,-0.3536199927330017,-0.8214689493179321,-1.0520169734954834,1.0913723707199097,0.007341644261032343,-4.052123546600342,1.7197314500808716,-0.6817048788070679,-0.4571046233177185,0.4202134609222412,1.6662153005599976,3.5668487548828125,2.127744197845459,2.318857192993164,1.436793565750122,3.0519914627075195,2.6710619926452637,0.7855523228645325,-0.6243399381637573,-1.6595299243927002,0.520415186882019,-0.3255406618118286,0.3611425757408142,2.7348439693450928,-1.2490016222000122,-1.0218310356140137,0.2495032101869583,0.3217456638813019,-0.9119160175323486,-1.6139518022537231,1.1526217460632324,-2.0783090591430664,-1.2792021036148071,0.6299195289611816,0.7990456819534302,-1.6633269786834717,-1.7328646183013916,0.6293712854385376,-1.3465514183044434,-0.09844857454299927,0.22311586141586304,-1.043262243270874,-1.4490150213241577,-1.531177043914795,2.3641202449798584,0.8483538627624512,-0.34357935190200806,1.3275495767593384,-0.1366707980632782,-2.004582166671753,1.2272298336029053,1.8839479684829712,0.44439181685447693,0.9660207629203796,-2.2822558879852295,-2.8318796157836914,1.3435535430908203,-1.6321828365325928,0.203401580452919,1.8889806270599365,0.26759329438209534,1.8154690265655518,0.7572928071022034,1.055730938911438,0.1215323731303215,-1.120928168296814,-0.4408368468284607,0.19543899595737457,-0.9793153405189514,0.10458185523748398,-0.5545544028282166,1.348082184791565,1.9194214344024658,-0.6158322691917419,-2.9033052921295166,2.0767822265625,0.31514623761177063,0.3397236168384552,-1.9709748029708862,-1.5718626976013184,0.5627714991569519,0.1224999725818634,-0.7321887016296387,-0.3122044503688812,0.5636897087097168,-1.690350890159607,-1.2223789691925049,3.8172683715820312,-1.4942106008529663,2.4680867195129395,-1.341822624206543,0.2790223956108093,-0.76961350440979,1.1175605058670044,-0.0046544685028493404,1.7704037427902222,0.5118472576141357,0.11514291912317276,1.1759955883026123,0.2659633755683899,-1.0400490760803223,0.0006707240245305002,-1.6306326389312744,0.36430102586746216,-0.36246511340141296,0.6717942953109741,0.5375769138336182,-1.6362024545669556,-1.1009565591812134,-1.7779309749603271,0.8797187805175781,-0.06468433886766434,0.14823904633522034,-1.074700951576233,-1.6325411796569824,0.919985830783844,3.312232494354248,1.3593113422393799,0.29150286316871643,2.4615602493286133,0.4084966480731964,-0.7255667448043823,1.4136734008789062,0.053198687732219696,1.0018216371536255,0.3260045051574707,1.93509042263031,1.0341250896453857,-1.9149844646453857,-0.5122956037521362,0.8160077929496765,1.1813088655471802,2.0107100009918213,-0.5455094575881958,-1.1080052852630615,2.2433784008026123,-0.09543540328741074,-3.3647305965423584,0.8118427991867065,0.15768657624721527,-0.009105055592954159,0.8317052125930786,-0.3044140040874481,-0.20123878121376038,1.6142643690109253,0.5407677292823792,-0.9135496020317078,-0.5693594813346863,1.2180930376052856,-1.9739595651626587,-0.8273447155952454,-2.5949578285217285,-1.6758135557174683,0.22913780808448792,0.11841683089733124,-1.4534245729446411,0.5012347102165222,-0.5844306349754333,1.7029932737350464,-0.6446055769920349,1.7349783182144165,2.6442008018493652,-3.4898488521575928,3.71364426612854,-1.4082270860671997,-0.2585201561450958,-3.391063928604126,4.805809497833252,-1.0271517038345337,-0.7610190510749817,0.4022656977176666,-1.9656047821044922,1.0711843967437744,2.111549139022827,2.583585262298584,-2.0480756759643555,-0.3604535460472107,0.8073022961616516,2.3536734580993652,1.9786659479141235,-1.0831536054611206,-1.7253161668777466,-0.832302451133728,2.1035373210906982,2.36838960647583,-0.022873902693390846,1.3209306001663208,0.36341410875320435,0.3910979628562927,1.5038387775421143,-0.6479046940803528,1.9128731489181519,-0.6729638576507568,2.1769931316375732,1.4000290632247925,-0.36874920129776,-0.16456758975982666,0.8516519665718079,0.6187382340431213,-0.5586643815040588,0.2257671058177948,-0.6048476696014404,1.4011024236679077,-1.6781131029129028,-1.7071236371994019,-0.4408150017261505,-1.0305322408676147,-1.8531742095947266,-1.506807804107666,-0.20501725375652313,-0.3491436243057251,0.30136632919311523,0.07155734300613403,-1.1104615926742554,1.986164927482605,-2.3346996307373047,2.3584187030792236,-1.040169596672058,-2.324005603790283,-1.3702776432037354,0.39735740423202515,-2.7465615272521973,0.2067406177520752,0.6438243985176086,-0.48104050755500793,0.240119069814682,-0.730154812335968,0.8196328282356262,2.756300449371338,2.1329524517059326,0.6395885348320007,1.070529580116272,1.2601567506790161,-1.1651860475540161,0.8008604645729065,-0.38269466161727905,-0.24987030029296875,-1.584333062171936,-1.193857192993164,-0.3762111961841583,-2.671745777130127,1.8115673065185547,0.4668789207935333,1.5786335468292236,-0.22803665697574615,-0.7045890688896179,-1.9221768379211426,0.34139859676361084,0.024648698046803474,-2.4610249996185303,-0.9132457375526428,0.8591756224632263,2.6423370838165283,0.5554283857345581,2.2091519832611084,2.0648791790008545,1.6891883611679077,-1.547626256942749,-0.790511965751648,0.10469938814640045,0.7012179493904114,1.2300310134887695,0.1771792322397232,-2.905567169189453,-0.5965514183044434,0.1703636795282364,0.7950566411018372,1.7358471155166626,-0.1739092767238617,0.5681530237197876,-0.6560940146446228,-2.5962371826171875,-0.307049959897995,-1.2600568532943726,-0.8389007449150085,-0.7548916935920715,-1.5529091358184814,-0.9657750725746155,-1.810613989830017,1.8907690048217773,0.3166170120239258,-2.1613824367523193,-0.18903373181819916,-0.6544519066810608,-0.46209147572517395,0.6193384528160095,0.9539992809295654,-2.865943431854248,1.0567578077316284,0.22337278723716736,3.6870200634002686,2.475878953933716,6.273669719696045,-0.6582197546958923,-0.5315253734588623,-0.9494142532348633,1.0267761945724487,0.2970050573348999,-3.2993805408477783,0.4171811044216156,2.543672800064087,0.6473585367202759,-0.5525662302970886,-1.4830185174942017,0.7598604559898376,0.3172934651374817,-1.2443764209747314,1.6941910982131958,0.4887765347957611,-0.9277020692825317,-2.1353485584259033,-0.9955795407295227,0.11912931501865387,1.365454077720642,1.4078913927078247,1.0594085454940796,-3.6867237091064453,0.28222158551216125,-1.1680625677108765,0.13133208453655243,1.0062510967254639,0.08043544739484787,2.682349443435669,2.0359513759613037,-1.5616917610168457,2.276968240737915,-1.2669248580932617,-0.32589587569236755,-1.6505883932113647,-0.5536165237426758,2.9117982387542725,0.7133530974388123,-0.5315933227539062,-0.10158733278512955,1.0814623832702637,-2.604846954345703,-9.346725463867188,-0.14536090195178986,3.979203224182129,0.4727019667625427,-0.8057488203048706,0.028267674148082733,0.7040562033653259,0.7422369122505188,0.47720932960510254,2.370232343673706,1.5979909896850586,1.5694578886032104,-1.8572980165481567,1.4183335304260254,-0.6339103579521179,3.119032144546509,0.35101720690727234,-1.54154634475708,1.0565330982208252,2.0730814933776855,0.4379834532737732,-0.531268835067749,-0.7856901288032532,0.743097186088562,1.0494780540466309,-2.3491008281707764,0.3855957090854645,1.1843358278274536,-2.2023110389709473,0.10384136438369751,-0.22146470844745636,-1.7953448295593262,-1.1706699132919312,1.2421146631240845,2.369588851928711,-3.343876838684082,-3.2318825721740723,-0.7715146541595459,-2.5322346687316895,-2.6537210941314697,-1.455027461051941,-1.327681541442871,-0.3800099492073059,-1.6573156118392944,0.2863789498806,0.2567121088504791,-0.17307496070861816,-0.6635615825653076,-1.1184848546981812,-0.7396825551986694,-0.5107832551002502,1.5947976112365723,1.4872267246246338,-0.5769442319869995,0.23977848887443542,2.1214756965637207,0.6899007558822632,1.3004376888275146,-1.515932559967041,0.4586964547634125,-0.26203203201293945,0.4851819574832916,0.8618000745773315,0.882881760597229,-0.5415221452713013,-1.5473958253860474,0.9055366516113281,-2.286247491836548,0.7692864537239075,1.1320604085922241,-0.9549757242202759,1.0350217819213867,-0.18728762865066528,0.442310094833374,-0.7479872107505798,1.1020400524139404,-1.8050804138183594,-0.6816160678863525,0.438757061958313,-0.33082643151283264,4.487107276916504,-0.030754338949918747,-0.7674107551574707,-0.3503100872039795,-0.7205089330673218,2.277968406677246,-2.266199827194214,-2.278470039367676,-0.9997195601463318,1.3690516948699951,0.19198299944400787,2.618196487426758,-0.29764530062675476,1.0707523822784424,-2.407147169113159,-1.4781283140182495,0.20213282108306885,-0.14990884065628052,1.5808786153793335,-2.6738734245300293,-1.6796143054962158,0.5304215550422668,-0.3889846205711365,-1.3938888311386108,1.009202241897583,-2.848714828491211,-3.7694640159606934,-0.07203124463558197,-0.5029443502426147,0.6178885102272034,3.9886152744293213,-2.1524953842163086,-1.282283902168274,-0.7913652062416077,0.23920056223869324,-0.06351311504840851,3.0549373626708984,0.28540468215942383,-0.6141690611839294,-2.2771451473236084,-4.184213161468506,3.062969923019409,-0.3304465413093567,0.20124198496341705,0.942868709564209,0.3119797110557556,-0.6755056977272034,1.2242062091827393,0.06277155131101608,-2.5880234241485596,-1.0637340545654297,-3.506347894668579,-0.8862076997756958,0.8282514810562134,2.027822494506836,-0.7087267637252808,0.527097225189209,0.46038398146629333,-0.5502774119377136,0.812942385673523,0.43471628427505493,-1.6895021200180054,-0.17705470323562622,1.6819863319396973,-0.6617598533630371,-0.9231324195861816,0.18252092599868774,-0.8759797215461731,-1.6001620292663574,0.9809350967407227,-1.8416107892990112,2.3393290042877197,-0.6789324879646301,1.858452320098877,0.00741097005084157,5.877111434936523,1.0858451128005981,-2.7674648761749268,1.4134446382522583,1.2494535446166992,1.906670331954956,2.813763380050659,-1.3106491565704346,-1.5268120765686035,-2.8874571323394775,1.3073821067810059,0.5978682637214661,0.9718623161315918,1.6851425170898438,-1.017004132270813,1.0554819107055664,-2.235516309738159,0.6508926153182983,1.215532898902893,1.3235853910446167,-0.29512956738471985,-1.7161753177642822,-1.9869989156723022,0.46887409687042236,-0.8169192671775818,0.6703414916992188,-0.16797012090682983,-1.6006717681884766,1.0222177505493164,-1.0175591707229614,-2.677826166152954,-1.030661702156067,0.6018475890159607,1.6106665134429932,-1.9759418964385986,-5.739185333251953,-1.578811764717102,2.440767288208008,3.10882568359375,-0.47565388679504395,-0.5907025337219238,-0.771696925163269,-0.9300900101661682,0.8820785284042358,-0.13685916364192963,-0.40600213408470154,-0.9318027496337891,-0.3799302279949188,-2.557764768600464,-0.2890472710132599,-1.2981724739074707,1.7558039426803589,-0.728361964225769,-0.1667092740535736,0.973782479763031,0.13035939633846283,0.42900368571281433,-2.5317177772521973,-0.6317888498306274,0.1966599076986313,5.831871509552002,-1.375087857246399,1.401307463645935,1.7180991172790527,0.8611882925033569,1.6094248294830322,-0.36660388112068176,0.28084197640419006,0.0805366113781929,-0.3417300879955292,0.26465359330177307,-0.3978319466114044,0.06009281054139137,1.301027774810791,0.6613761186599731,0.015608876012265682,1.265001893043518,1.3901399374008179,0.8854568600654602,-0.9389017820358276,-0.1677660346031189,1.5860384702682495,-1.0055158138275146,-0.18540386855602264,-3.691835641860962,-1.1519899368286133,-1.2448011636734009,3.179547071456909,1.4528082609176636,1.236707091331482,-0.08630848675966263,0.7308844327926636,-3.2007291316986084,0.9961752891540527,1.7766258716583252,1.3234524726867676,0.25142940878868103,-0.1743069738149643,1.0097949504852295,-2.1923112869262695,2.0240163803100586,0.4951004981994629,1.530924916267395,-2.2275702953338623,-1.614111065864563,-1.3664741516113281,-0.7300233244895935,-2.1286473274230957,0.36209166049957275,0.7916364669799805,-1.64397394657135,-3.0444345474243164,1.7751256227493286,1.6397652626037598,0.5386878848075867,-1.038944959640503,0.5626160502433777,-0.8028097152709961,0.8779081106185913,-0.7212112545967102,-0.5279528498649597,-0.9912064671516418,3.071491241455078,1.5578268766403198,-2.369356870651245,0.8641166687011719,0.479048490524292,-1.1321498155593872,-2.001788854598999,-0.29622912406921387,-0.8997277617454529,1.8087910413742065,3.7734360694885254,-0.7443318963050842,-0.3891783058643341,-2.1285455226898193,-0.04425528645515442,1.313151240348816,1.8132957220077515,1.4179837703704834,-0.8078175187110901,-0.2688594162464142,1.186856985092163,0.2494104504585266,0.4691351056098938,-0.26790860295295715,0.8804746866226196,1.344387173652649,2.6599717140197754,0.23617276549339294,-1.7655524015426636,-0.9456678628921509,1.0589070320129395,2.4290966987609863,0.6478317379951477,1.1053296327590942,1.9450876712799072,-1.4616684913635254,0.7225873470306396,-0.14228329062461853,1.1207095384597778,0.5732665061950684,-0.14967064559459686,1.0491573810577393,-2.448805332183838,2.0463967323303223,2.1935830116271973,1.4401602745056152,-2.1134204864501953,0.2886841595172882,-0.948209285736084,1.786307454109192,1.5473119020462036,-0.601104199886322,-1.3426110744476318,-0.2532048225402832,-0.10867063701152802,3.129876136779785,-1.8764293193817139,-2.4956347942352295,-1.3819756507873535,0.34969520568847656,-1.1212842464447021,1.2740651369094849,1.0010799169540405,-1.4666980504989624,1.4628347158432007,-1.8971610069274902,0.30443260073661804,-2.4235317707061768,-0.5297888517379761,1.704630732536316,-2.439481735229492,0.4033982455730438,1.403778314590454,-0.2671700716018677,-1.30766761302948,1.9968441724777222,1.0858635902404785,0.1135283038020134,0.3465510904788971,-2.010920524597168,0.041740670800209045,-1.8681952953338623,-0.8701883554458618,-0.8180060386657715,1.8199864625930786,0.9039447903633118,1.739418387413025,0.2213457226753235,0.9527488350868225,-0.2810268700122833,-2.2604598999023438,2.165898561477661,-1.1715145111083984,-2.412728786468506,-0.7748963832855225,2.016223669052124,1.0002604722976685,2.6672630310058594,-0.9255849123001099,-0.7627525329589844,-2.384751081466675,0.3656867444515228,1.32346773147583,2.8136003017425537,3.797372579574585,5.505115032196045,-2.129969596862793,2.6145219802856445,0.5475401282310486,0.9571638703346252,1.337096929550171,1.0145312547683716,-0.044551365077495575,1.6791216135025024,2.381444215774536,1.2709333896636963,-0.8583906292915344,-2.2932450771331787,-1.5242480039596558,1.1139229536056519,-0.4591548442840576,-0.5003270506858826,-1.3241002559661865,3.361793041229248,1.4585901498794556,0.6798844933509827,-0.2653564512729645,-0.5620242953300476,-5.347492694854736,-0.6767261624336243,0.1510356217622757,-0.7554358839988708,-0.034791499376297,1.5939199924468994,-0.5426518321037292,0.7102575898170471,1.0642125606536865,0.45214951038360596,-0.4921815097332001,-0.49711722135543823,0.388189435005188,-0.7031343579292297,1.9410178661346436,2.662475109100342,-0.02914430946111679,2.7115135192871094,1.965442180633545,1.505089521408081,-2.77107572555542,-0.4239964783191681,-0.7338827252388,-0.31637611985206604,2.06997013092041,1.68422532081604,-2.010571241378784,2.009493589401245,-5.106173515319824,-0.3793707489967346,0.9306003451347351,-1.2330207824707031,1.2345846891403198,2.0814099311828613,0.3651335537433624,0.7942190766334534,1.0908111333847046,-0.15996015071868896,1.1550028324127197,0.665712833404541,-4.950482368469238,0.4075983464717865,1.7160712480545044,0.059065304696559906,-0.9150745272636414,-0.19073374569416046,0.3787155747413635,0.7307173013687134,1.6535135507583618,0.9706852436065674,-0.7960867285728455,-1.8728997707366943,0.01719604805111885,0.028291018679738045,-2.4314632415771484,0.6474540829658508,0.1428803652524948,1.2228275537490845,-0.07559467107057571,-0.9769267439842224,-0.28481271862983704,-1.0694646835327148,-0.9519770741462708,-0.9165757298469543,0.9051918983459473,1.1706969738006592,0.5084347128868103,2.4608964920043945,0.997532844543457,-0.6509914398193359,-1.0758785009384155,2.232698917388916,1.1713228225708008,-2.293961763381958,-1.6032794713974,-0.8566427230834961,1.4375851154327393,1.8865166902542114,2.168958902359009,-0.8190101385116577,-0.2340451180934906,1.0171350240707397,0.743943989276886,-9.810907363891602,2.808859348297119,1.1571182012557983,-2.0613503456115723,-0.895287036895752,1.0371063947677612,-4.0480451583862305,-3.6895155906677246,-0.5311266779899597,0.6045575737953186,0.1882326602935791,-0.6160140037536621,1.2013145685195923,1.3753652572631836,-4.441651821136475,0.09797191619873047,3.0588183403015137,2.7517969608306885,2.0007784366607666,1.2120386362075806,-1.9981448650360107,0.27078941464424133,-1.0268675088882446,-0.9491531252861023,-0.3713967502117157,-0.7539379000663757,1.6677656173706055,1.7368954420089722,-2.4191908836364746,-0.32790815830230713,1.1335047483444214,-0.49386104941368103,-1.5558449029922485,-1.502978801727295,0.35129448771476746,0.4066392779350281,3.3968982696533203,0.8271557688713074,-0.1576380580663681,0.8573865294456482,-0.9315779805183411,-1.2416702508926392,1.3799086809158325,0.17957179248332977,0.817920982837677,-0.9739999771118164,0.05839258432388306,1.952426791191101,1.094611406326294,-1.1759276390075684,0.08250384777784348,0.7086737155914307,-2.032177448272705,-2.5924813747406006,-0.18293923139572144,0.4236958920955658,-1.3451321125030518,-1.602923035621643,-0.6014087200164795,-0.08054696768522263,-1.28748619556427,0.7903159260749817,1.2567229270935059,0.11259330809116364,1.046207070350647,-0.9412645697593689,0.678878903388977,-2.3076014518737793,0.8852546215057373,0.8998751044273376,-1.794344425201416,0.42427659034729004,-0.016328003257513046,0.2542452812194824,3.6141953468322754,0.3044784367084503,1.8188037872314453,0.21622470021247864,0.6940113306045532,-0.8346607685089111,-0.2960145175457001,-1.661605954170227,1.096011757850647,1.9128836393356323,-0.1504807025194168,-1.44255793094635,-1.1309430599212646,-2.4136531352996826,0.4027647376060486,-1.8011057376861572,1.1304614543914795,0.12365350127220154,-3.0877060890197754,-1.2874687910079956,0.7726624011993408,-0.07430656999349594,-3.044511556625366,4.553174018859863,0.051985014230012894,1.0449265241622925,0.19574309885501862,0.5841454863548279,1.7623045444488525,1.490558385848999,-6.776378631591797,0.370808482170105,0.9635457396507263,-2.02872896194458,0.8446030020713806,-0.018362052738666534,-2.2203948497772217,2.0241541862487793,-0.5550196170806885,0.5902148485183716,1.319352626800537,2.133342981338501,-1.2753429412841797,-1.0714409351348877,-0.2609611749649048,1.362845540046692,0.5686172246932983,0.5105056762695312,1.5726984739303589,2.1022660732269287,1.405729055404663,-1.981871247291565,0.9784075021743774,-0.3455849885940552,-1.882676601409912,-0.12125223129987717,0.04740488529205322,-1.9366633892059326,-0.5091187357902527,-2.173354387283325,-0.011589172296226025,1.1913868188858032,3.219067096710205,0.3592272996902466,-7.6229143142700195,0.8675942420959473,-0.24436451494693756,-0.9765672087669373,-0.25494518876075745,2.183781385421753,0.4173193871974945,0.9631693363189697,0.202267125248909,1.2655268907546997,-1.3874428272247314,-2.18353271484375,0.3428829610347748,-0.3363853991031647,0.7558290362358093,-1.4891977310180664,0.825477659702301,-0.15725640952587128,0.1636963188648224,0.022248582914471626,-0.1906912624835968,-1.6868896484375,0.24245399236679077,0.2773316502571106,-0.4981932044029236,1.5011576414108276,-0.407080739736557,-0.026987263932824135,1.0252875089645386,0.28616583347320557,1.7765147686004639,-1.9242552518844604,-1.059622049331665,-0.6333146691322327,-0.7050413489341736,0.4643328785896301,-0.422081857919693,0.9264463782310486,1.5213922262191772,-0.07259435951709747,0.24880650639533997,-0.3602793514728546,0.2159300148487091,2.4641411304473877,-0.7445642948150635,2.7432100772857666,-0.1700192093849182,0.3198677599430084,-0.3696068823337555,-0.10257450491189957,0.007960961200296879,2.156805992126465,0.1043669581413269,-0.3321543335914612,1.2051935195922852,-0.10262590646743774,2.075171709060669,-1.7267887592315674,-2.2300524711608887,0.0026322754565626383,2.898587226867676,-0.8973363041877747,1.1733007431030273,-1.8269562721252441,-2.36049747467041,0.8456483483314514,-2.204272747039795,0.16986265778541565,-0.008941786363720894,-0.704971969127655,1.9339020252227783,1.9671469926834106,0.4605565071105957,-1.068917155265808,0.1681358367204666,1.3918606042861938,-0.8653182983398438,-1.8988518714904785,0.6356598734855652,-0.22456656396389008,-2.3094747066497803,0.033114492893218994,1.4509930610656738,0.04044414311647415,-3.9024956226348877,2.7494735717773438,3.9496142864227295,2.1159019470214844,-0.3877040445804596,-1.6365220546722412,3.0987446308135986,0.43007218837738037,1.4324628114700317,0.4088171422481537,-0.9750760793685913,-0.21660664677619934,1.8342186212539673,1.7018814086914062,-0.4693411886692047,-2.2755343914031982,-0.6158750057220459,0.10914967954158783,-0.8104934692382812,-2.670773506164551,-0.6450322866439819,-0.025705184787511826,0.8876438140869141,-0.3457344174385071,0.8126336336135864,-0.46946051716804504,-2.690805196762085,-0.41327914595603943,0.15586918592453003,-1.6098405122756958,0.16083502769470215,0.37216874957084656,-0.09606343507766724,-1.1178661584854126,0.532325267791748,3.0057318210601807,-1.7842200994491577,0.11669718474149704,-1.1505264043807983,-0.6169454455375671,1.4459182024002075,-0.4946787655353546,-0.05562126636505127,1.7345911264419556,3.461212635040283,-1.3669553995132446,2.6452207565307617,-0.12768514454364777,-1.2971668243408203,0.7538052201271057,0.213993102312088,-2.352799892425537,-0.43654245138168335,-1.1360856294631958,0.6161191463470459,-3.9974005222320557,0.13864119350910187,0.5666192173957825,-0.5239032506942749,1.60764741897583,-2.1611766815185547,-1.0209274291992188,0.9773595333099365,1.6314942836761475,1.2567654848098755,0.36580026149749756,0.4442441463470459,-0.15225057303905487,-2.1386008262634277,-2.56732439994812,-1.0619723796844482,-2.1769680976867676,-0.6958153247833252,-3.660172939300537,1.490694522857666,1.266323208808899,1.756737232208252,-3.269960880279541,0.43207818269729614,1.1678179502487183,-1.484240174293518,2.2943856716156006,-0.59827721118927,-0.45219820737838745,2.7580182552337646,0.6050389409065247,0.3705674707889557,-2.8431735038757324,0.3947840929031372,-0.7164846062660217,-0.6133189797401428,-1.443207025527954,2.764524459838867,3.2250053882598877,-4.911746501922607,-2.865183115005493,-2.283520221710205,-1.1819026470184326,0.0954049602150917,-1.1023920774459839,-0.0669219121336937,-0.6386699676513672,0.5163409113883972,2.5205092430114746,1.3005365133285522,-0.5863440036773682,-0.41214969754219055,1.5150582790374756,-1.3964033126831055,0.4673638641834259,-1.5296722650527954,-0.7457267642021179,1.3144582509994507,1.2084782123565674,1.7405942678451538,1.4193817377090454,-0.855184018611908,-0.6992392539978027,0.8777092099189758,0.7341721057891846,0.6151888370513916,3.6022191047668457,-0.06309816241264343,0.22340016067028046,1.7393200397491455,3.502039670944214,3.53973388671875,-1.0877305269241333,1.4414266347885132,-2.8466904163360596,-0.6243029236793518,1.1040759086608887,-1.4085413217544556,-1.2784597873687744,0.0004940645303577185,-2.207494020462036,-1.7670068740844727,-2.9160871505737305,-3.0930278301239014,-1.15102219581604,-2.4917891025543213,0.03357622027397156,0.776825487613678,0.3890523612499237,2.561887741088867,-2.647207736968994,1.8865182399749756,0.6376224756240845,0.3666951060295105,-1.5291470289230347,-2.1737043857574463,0.2602572739124298,1.409397840499878,2.395850896835327,1.6176948547363281,1.7189950942993164,4.20582914352417,-0.13562272489070892,1.5941777229309082,-1.211431860923767,2.237382173538208,1.215895175933838,0.12972451746463776,-1.8077534437179565,-3.7772576808929443,0.40017351508140564,1.522986650466919,2.6728169918060303,-0.04167628660798073,0.2094813883304596,0.3691251277923584,0.04686136171221733,0.29491177201271057,0.3004339635372162,0.44665366411209106,-2.6516027450561523,-2.8658041954040527,-1.9760513305664062,-0.16120310127735138,-1.2012016773223877,2.4010636806488037,0.27800488471984863,0.2038801908493042,0.07956986874341965,1.2094897031784058,-0.9227359294891357,-1.2009605169296265,2.368602752685547,0.27741092443466187,1.6067111492156982,-0.6571826934814453,-0.3350350558757782,1.228829026222229,-0.2032860368490219,-0.4054986238479614,-0.25576087832450867,0.4356984794139862,-1.1565130949020386,-1.6239665746688843,-1.536231517791748,-0.32007622718811035,0.029030857607722282,-0.1649227738380432,0.9122503995895386,2.8710103034973145,-2.585691452026367,-0.869949221611023,0.8709900975227356,0.44752371311187744,1.2592486143112183,3.0598320960998535,0.24829450249671936,-1.2353858947753906,-5.834676742553711,1.0940848588943481,-0.18873347342014313,1.4243141412734985,-0.8539891839027405,-0.13543646037578583,0.4990166425704956,1.4708855152130127,0.18743829429149628,1.097096562385559,1.0702407360076904,1.2677693367004395,1.3604930639266968,-1.4845601320266724,2.1217072010040283,-0.35740217566490173,-1.0843945741653442,2.0736703872680664,-0.2171935886144638,3.063624620437622,-0.28923189640045166,2.069859266281128,-2.7642998695373535,-0.741227388381958,-0.7791791558265686,-2.2237844467163086,-0.043349552899599075,1.203977108001709,0.17946010828018188,-3.3203916549682617,0.06961379945278168,-3.1227293014526367,-1.1435531377792358,0.5093807578086853,2.027256488800049,0.16455547511577606,0.11869563162326813,1.341464638710022,1.9791929721832275,0.8545829057693481,-0.5928685665130615,-0.775298535823822,-1.5540164709091187,0.03849903121590614,-0.9908913373947144,0.7015566825866699,-2.60107159614563,-0.5527716279029846,0.33276310563087463,-1.1686571836471558,-2.183029890060425,1.5465469360351562,-0.9478504657745361,1.5566673278808594,-1.0349570512771606,0.042685385793447495,-0.32721829414367676,-0.09389519691467285,-0.30330583453178406,-0.4507830739021301,-0.13799698650836945,0.7314580678939819,1.086515188217163,2.280987501144409,0.8540230989456177,-0.8968805074691772,-0.6923934817314148,-0.25657713413238525,1.1916393041610718,-0.11266347020864487,1.3538134098052979,0.25974175333976746,1.3960623741149902,1.5705199241638184,-0.08001247048377991,1.0031605958938599,1.5117429494857788,-0.5894626975059509,-1.495286226272583,-0.030105434358119965,-1.172378420829773,-2.383951187133789,0.7348055839538574,-0.3953934609889984,-1.3293403387069702,-2.038628101348877,1.954486608505249,-0.806969165802002,-2.519139528274536,-1.7789732217788696,-1.037979006767273,0.9777027368545532,-0.29985037446022034,1.9273772239685059,-1.6253559589385986,-1.3570239543914795,-0.2813775837421417,0.9719169735908508,1.139752745628357,-0.7503649592399597,-1.5179740190505981,0.5096358060836792,1.838617205619812,0.44975945353507996,1.587693214416504,-0.24518738687038422,-0.33118048310279846,-0.13632486760616302,-0.8201993107795715,-2.6749000549316406,1.8021647930145264,0.540860116481781,1.9144798517227173,0.09015697985887527,1.1311391592025757,2.5963943004608154,1.9567294120788574,0.7807297110557556,-1.336959958076477,0.36478865146636963,-2.089991331100464,1.931947946548462,-0.9362409114837646,-1.7979189157485962,1.2153397798538208,1.0120477676391602,0.05458682402968407,1.9488571882247925,1.0422884225845337,0.005576010327786207,0.7987074851989746,-2.285977602005005,-0.10025075823068619,2.230079412460327,2.3760080337524414,-0.2895936667919159,0.15109382569789886,-1.6391355991363525,-0.8119388818740845,0.7172664999961853,-0.019610293209552765,-1.7746202945709229,-2.150831460952759,0.4311968982219696,-0.49470219016075134,-1.7426053285598755,0.1674201935529709,2.0219929218292236,-1.8027758598327637,-0.2712417542934418,0.05513359606266022,0.4699068069458008,1.626243233680725,-1.7862364053726196,-0.06997993588447571,-2.0378293991088867,1.9320802688598633,-2.714751720428467,0.23800840973854065,2.6879398822784424,0.13316380977630615,-1.7695584297180176,1.9081915616989136,0.09923100471496582,-0.05055931583046913,0.04121503233909607,0.6895806789398193,-0.7541213631629944,0.4248977303504944,-1.6139438152313232,-0.001558606163598597,0.3260563015937805,0.11163963377475739,-1.1242402791976929,0.7377716302871704,-2.8712050914764404,0.7185466885566711,-0.14653798937797546,-0.19862911105155945,0.6566759943962097,-5.685356616973877,1.8451776504516602,-0.16101515293121338,2.03330397605896,0.6191239356994629,-1.6751453876495361,0.21345536410808563,1.6281431913375854,-0.98179030418396,-2.2516322135925293,4.230207920074463,-0.5185012221336365,-0.6901482343673706,-0.29373377561569214,1.8111522197723389,-2.6096088886260986,-0.7144758105278015,-1.2665716409683228,2.2824902534484863,0.32568472623825073,-1.541911005973816,-1.369659185409546,-1.0684903860092163,-1.8195546865463257,1.4030370712280273,-2.7802581787109375,-1.4637889862060547,0.3211503326892853,-0.8425962924957275,1.563672661781311,-0.7285408973693848,-0.7057775855064392,1.084938645362854,-0.030972186475992203,0.30407968163490295,-0.7513219714164734,0.05059781298041344,-0.38811540603637695,0.04761665686964989,-0.6686587333679199,-0.7544341087341309,-2.580033779144287,-1.6152169704437256,-1.219507098197937,-2.0836050510406494,-1.7187316417694092,0.21247127652168274,3.3292219638824463,-1.816491961479187,-0.5331988334655762,-0.6060211658477783,-0.09145043045282364,-0.17766901850700378,0.7943968176841736,1.2176786661148071,-2.430328369140625,0.5826601386070251,-0.737396776676178,-0.8296164870262146,0.6197425127029419,0.5013219118118286,-0.9075425267219543,-0.36621591448783875,1.944739818572998,-1.1342649459838867,-0.5715120434761047,-0.032458264380693436,2.6444408893585205,-0.12150001525878906,0.7727445363998413,1.8098331689834595,0.32567885518074036,-0.5090778470039368,-1.8666746616363525,-1.151045560836792,-3.3797004222869873,0.0722307562828064,9.167582511901855,-2.7962405681610107,-2.1959683895111084,0.6416109800338745,0.4731285870075226,-0.7789222002029419,1.387747883796692,0.5612324476242065,-0.36280736327171326,0.10286756604909897,-1.2474316358566284,-0.7033260464668274,1.5858210325241089,-2.321305990219116,-0.1806657761335373,-0.5400750041007996,0.24428963661193848,-0.594007134437561,-0.177786186337471,2.9554100036621094,0.8440202474594116,-0.0022154548205435276,-0.07385257631540298,-5.115279674530029,0.22793720662593842,-6.418454647064209,0.3733895719051361,1.5033949613571167,0.6172723174095154,0.9618365168571472,-0.50018310546875,-2.1884567737579346,-2.4593822956085205,0.5896684527397156,-0.8734062910079956,-1.7143211364746094,2.761017322540283,1.8702974319458008,-1.218401312828064,-3.3610050678253174,0.9512296915054321,-0.7526182532310486,1.484844446182251,-0.7464122772216797,-1.3194754123687744,-0.7320652008056641,0.07311970740556717,-0.31318679451942444,-0.6945962905883789,1.8500120639801025,-0.32930788397789,-1.8358968496322632,-0.1367451250553131,1.7102738618850708,-1.4734699726104736,-1.5736517906188965,-0.9859905242919922,-0.3914845287799835,1.2128382921218872,-1.3708820343017578,-0.4540916979312897,0.4871498942375183,-0.21603266894817352,0.5843666195869446,-0.23086269199848175,2.4082753658294678,-2.579939842224121,-0.9936302304267883,-2.8547565937042236,0.9751899242401123,1.4022687673568726,-0.4228091239929199,0.8688912987709045,-1.6016840934753418,2.053867816925049,0.8391766548156738,0.530668318271637,-0.6592888236045837,0.7151585817337036,-0.8492661118507385,-0.9443656802177429,-0.7966166734695435,-0.46878424286842346,2.7815957069396973,-2.228515625,0.24520261585712433,2.6043081283569336,-0.11597366631031036,-0.18419893085956573,-0.2986657917499542,-0.7092502117156982,-0.4240652918815613,0.653069019317627,0.8442243933677673,-0.6487102508544922,1.2499974966049194,-0.6782547235488892,-0.5464966893196106,-0.1601802110671997,0.37210601568222046,0.22698430716991425,-0.6188279986381531,-1.3291763067245483,1.7616267204284668,0.49297741055488586,1.3513339757919312,0.2505158483982086,-0.42299604415893555,-1.9921308755874634,1.1086317300796509,1.5657819509506226,0.02916577272117138,1.189827561378479,-1.3255411386489868,1.6385738849639893,0.20875714719295502,0.6946211457252502,0.9737642407417297,0.7847952246665955,1.3337229490280151,-1.364912986755371,0.23056593537330627,-0.4825722277164459,-0.8710899353027344,-0.6797996163368225,0.437505841255188,0.417237251996994,0.1896403729915619,-2.404198408126831,0.2003498673439026,-0.9623784422874451,-2.0067992210388184,1.9834234714508057,-2.2744638919830322,0.8833614587783813,-2.3035664558410645,0.9492681622505188,2.5045323371887207,-0.1861591339111328,2.6755776405334473,-1.30534827709198,-1.0954272747039795,0.648219645023346,-1.6852601766586304,-1.111930251121521,-0.033306784927845,-2.3668465614318848,-1.7438509464263916,0.3471005856990814,-1.055181860923767,0.7505146265029907,0.4091514050960541,1.300076961517334,-2.3478901386260986,-0.5314404368400574,2.7338900566101074,-1.7170344591140747,-1.298869013786316,0.9772524237632751,-0.1284378468990326,-1.34588623046875,-3.7959556579589844,1.8038159608840942,1.3377429246902466,0.7450973391532898,-0.10946517437696457,1.2744842767715454,-3.0889132022857666,-0.19330288469791412,-1.2537163496017456,-1.96572744846344,1.238847255706787,-1.2837642431259155,2.8944520950317383,-1.694458246231079,-0.4770272970199585,-0.5282461047172546,1.2137054204940796,-0.6095611453056335,0.8925740122795105,1.2657086849212646,-0.45259755849838257,0.19580979645252228,1.5215948820114136,-1.8847943544387817,1.692226529121399,-0.5554811358451843,2.9071152210235596,1.232243537902832,1.9082061052322388,1.7756848335266113,-0.7758659720420837,-1.8851155042648315,1.9367132186889648,-1.2270793914794922,-1.6693708896636963,-1.1069451570510864,0.5049619674682617,2.2046456336975098,2.107447862625122,-1.432674527168274,2.1742637157440186,0.3098001480102539,1.342596411705017,-1.0810030698776245,3.4074554443359375,-1.2097843885421753,1.727666974067688,0.8399786949157715,0.4658792018890381,-2.4963109493255615,-0.10621751844882965,-1.205754041671753,0.913197934627533,-1.6243293285369873,-0.1784592568874359,0.7632151246070862,-1.2068169116973877,0.7194100022315979,-1.46785569190979,-1.4360096454620361,-1.089171051979065,-2.612165927886963,2.9191505908966064,-0.770635187625885,-0.9035728573799133,-0.20264026522636414,0.40161094069480896,1.1290889978408813,-2.3238723278045654,-1.1266756057739258,0.37058526277542114,0.13823583722114563,-0.22605979442596436,-1.3875666856765747,-1.185759425163269,-0.29559752345085144,0.4867658019065857,-1.5972371101379395,-1.5120524168014526,-1.3785203695297241,-0.9940600991249084,-1.3795503377914429,-1.2951666116714478,-3.3638620376586914,-2.554168462753296,0.20598065853118896,-0.14223496615886688,-1.9421677589416504,0.7986851334571838,4.062304973602295,0.715844452381134,-1.3180925846099854,-0.9342567324638367,-2.2253804206848145,0.008600468747317791,-0.9450398683547974,-2.0119988918304443,-1.5219690799713135,1.1634068489074707,1.5308908224105835,-2.8055624961853027,-0.0014141658321022987,1.3566806316375732,2.3650059700012207,1.4062272310256958,0.5361950397491455,1.38691246509552,0.460701584815979,1.1414060592651367,1.0353753566741943,-1.9455660581588745,0.29139289259910583,3.9657809734344482,1.2020049095153809,1.5309016704559326,0.6311124563217163,1.3508572578430176,-0.49923691153526306,-0.22842121124267578,0.0038890005089342594,1.1439532041549683,1.2589747905731201,0.22408688068389893,-1.4391111135482788,-0.5998731255531311,0.3526005148887634,-0.15332399308681488,-2.316222667694092,-2.5401480197906494,-1.7076025009155273,0.5401254296302795,-1.180444359779358,-0.2289765179157257,0.6715156435966492,0.26705729961395264,-0.4839412569999695,-2.713141441345215,-0.8404164910316467,-1.5998319387435913,-2.1012728214263916,-0.805494487285614,1.8180501461029053,2.068178176879883,1.8464716672897339,1.9016786813735962,1.6812547445297241,0.07577544450759888,-0.6472728848457336,2.61840558052063,-0.9099715352058411,-0.36884555220603943,0.8289747834205627,0.26167333126068115,2.293330430984497,1.55007803440094,-0.5263096690177917,-0.982390820980072,-1.9767992496490479,-2.3442118167877197,-0.3197828233242035,-0.14634472131729126,-1.3096686601638794,0.7538549304008484,0.16372182965278625,2.7169127464294434,0.5757430195808411,0.578471302986145,-2.53060245513916,-0.01294673327356577,0.41837239265441895,-0.5228829383850098,0.4339122176170349,-0.0024406672455370426,0.7305709719657898,-0.6724105477333069,1.1780308485031128,6.215586185455322,-1.9235491752624512,1.6327708959579468,3.161883592605591,-0.5552682280540466,-0.8497544527053833,0.31716811656951904,-0.14198055863380432,-0.5267455577850342,-0.37820446491241455,-0.7724742293357849,1.9610127210617065,-0.7129180431365967,-0.14550325274467468,-0.006684441119432449,-0.35915717482566833,-0.955127477645874,-1.0209991931915283,-1.9414918422698975,1.712884545326233,-2.066983222961426,-0.8221457004547119,-0.11312735825777054,-0.33232542872428894,-1.6986805200576782,-4.924534797668457,1.0988974571228027,3.2080790996551514,-1.601388931274414,0.21957474946975708,-3.6375317573547363,-1.6159007549285889,-1.0822927951812744,0.7929393649101257,1.1260402202606201,1.2902371883392334,-0.9533894658088684,0.1440836787223816,-0.505850613117218,1.3511053323745728,-0.954550564289093,-3.524832010269165,-0.22056473791599274,-0.7283592820167542,-1.22331964969635,-0.7764396071434021,-0.7538595795631409,-1.5043621063232422,0.4411933422088623,-2.1758151054382324,-2.1328084468841553,1.045870065689087,2.2885265350341797,-2.2797043323516846,-1.0844440460205078,1.1231558322906494,1.66183602809906,-0.1985187977552414,-0.5660240650177002,-3.546898603439331,-1.1296570301055908,-0.541580080986023,0.7883269190788269,-1.5636109113693237,1.7963987588882446,-0.04021548479795456,-1.3637579679489136,0.06984297931194305,1.021830439567566,-2.4765100479125977,1.00070059299469,1.8867546319961548,-1.0732526779174805,0.4514775574207306,7.203325271606445,-0.6593292951583862,0.6660199165344238,0.07839691638946533,1.3074753284454346,-0.5757750868797302,0.5975339412689209,-0.14778149127960205,-1.5157549381256104,1.206492304801941,-0.15921035408973694,0.5662041902542114,0.8281903862953186,1.1243385076522827,-5.007118225097656,1.7115265130996704,0.39392098784446716,-0.8297379612922668,-0.058600906282663345,0.14827804267406464,3.8796873092651367,-1.5550564527511597,-2.5061161518096924,1.5793070793151855,1.54534113407135,-2.0134010314941406,-0.6319000124931335,1.5519969463348389,1.3172328472137451,0.5153577923774719,0.24444667994976044,-0.013627960346639156,-1.1273996829986572,0.0777786374092102,-1.8187161684036255,-1.91068434715271,-2.843984365463257,-1.4334752559661865,2.7392985820770264,-0.45529139041900635,-0.7353375554084778,0.663051962852478,-0.9190401434898376,-1.2981141805648804,-0.6807312965393066,0.935213029384613,1.2541087865829468,0.17193464934825897,0.30862754583358765,-0.6653562188148499,3.8764617443084717,-0.7714057564735413,-1.4879283905029297,0.7559729814529419,2.3137099742889404,-1.2036714553833008,3.0304062366485596,1.008414387702942,0.1703578531742096,2.955531120300293,1.1189378499984741,0.820207953453064,1.2151403427124023,2.3416502475738525,0.14482256770133972,3.216864585876465,1.217456340789795,3.208724021911621,-0.6167272329330444,1.5271800756454468,-0.2513720691204071,-0.31626251339912415,-3.677508592605591,-0.8991825580596924]') AS cosine_similarity
FROM public.alm_hardware
ORDER BY cosine_similarity DESC;
